[512, 512, 512, 512, 512, 512, 512, 512, 512, 512, 512, 512, 512, 512, 512, 512, 512, 512, 512, 512, 512, 512, 512, 512, 512, 512, 512, 512, 512, 512, 512, 512, 512, 512, 512, 512, 512, 512, 512, 512, 512, 512, 512, 512, 512, 512, 512, 512, 512, 512]
[512, 512, 512, 512, 512, 512, 512, 512, 512, 512, 512, 512, 512, 512, 512, 512, 512, 512, 512, 512, 512, 512, 512, 512, 512, 512, 512, 512, 512, 512, 512, 512, 512, 512, 512, 512, 512, 512, 512, 512, 512, 512, 512, 512, 512, 512, 512, 512, 512, 512]
[
   
 [ 915    5   80  154    8   21  149]
 [  10  105   72    1   21    7   39]
 [  42   35 1154   21   25  118   53]
 [ 233    2   35 2710   31  240  613]
 [   2   10   12   18  156   78  104]
 [   6    2  133  124   18 1301  233]
 [ 131    9   61  628   63  235 2144]]